0 200 10 10
1 210 10 10
2 220 10 10
3 230 10 11
4 250 11 12
5 260 12 13
6 280 13 13
7 290 14 14
8 310 15 15
9 320 15 16
10 330 16 17
11 340 17 18
12 350 17 18
13 360 18 19
14 370 18 20
15 380 19 20
16 390 19 21
17 400 20 22
18 420 20 22
19 430 21 23
20 440 21 23
21 440 22 24
22 450 22 25
23 460 23 25
24 470 23 26
25 480 24 26
26 490 24 27
27 500 25 27
28 510 25 28
29 520 26 29
30 520 26 29
31 530 27 30
32 540 27 30
33 550 28 31
34 560 28 31
35 570 29 32
36 580 29 33
37 590 30 33
38 590 30 34
39 600 31 35
40 610 31 35
41 620 32 36
42 630 33 38
43 640 33 39
44 650 34 40
45 660 35 XX
46 670 36 XX
47 680 37 XX
48 680 37 XX
49 690 38 XX
50 700 39 XX
51 710 40 XX
52 730 40 XX
53 740 XX XX
54 760 XX XX
55 770 XX XX
56 790 XX XX
57 800 XX XX
58 800 XX XX