0 200 10 10
1 200 10 10
2 210 10 10
3 220 10 11
4 230 11 11
5 250 12 12
6 270 13 13
7 280 13 14
8 300 14 14
9 310 15 15
10 320 16 16
11 340 16 16
12 350 17 17
13 360 17 17
14 370 18 18
15 380 18 18
16 390 19 18
17 400 19 19
18 410 20 19
19 420 20 20
20 430 21 20
21 440 21 21
22 450 22 21
23 460 22 22
24 470 23 23
25 480 23 23
26 490 24 24
27 500 24 24
28 500 25 25
29 510 25 25
30 520 26 26
31 520 26 27
32 530 27 27
33 540 28 28
34 540 28 29
35 550 29 29
36 560 29 30
37 570 30 31
38 580 30 31
39 580 31 32
40 590 31 33
41 600 31 34
42 610 32 36
43 610 32 38
44 620 33 40
45 630 33 XX
46 640 34 XX
47 650 35 XX
48 660 36 XX
49 670 36 XX
50 680 37 XX
51 690 39 XX
52 700 40 XX
53 710 XX XX
54 730 XX XX
55 750 XX XX
56 770 XX XX
57 790 XX XX
58 800 XX XX