0 200 10 10
1 210 10 10
2 220 10 10
3 230 11 11
4 250 12 12
5 260 13 13
6 280 13 14
7 290 14 15
8 310 15 16
9 320 16 16
10 340 17 17
11 350 17 17
12 360 18 18
13 380 18 19
14 390 19 20
15 400 19 20
16 420 20 21
17 430 20 21
18 440 21 22
19 450 22 23
20 460 22 23
21 470 23 24
22 480 23 25
23 490 24 25
24 500 25 26
25 510 25 27
26 520 26 27
27 520 26 28
28 530 27 28
29 540 27 29
30 540 28 30
31 550 28 30
32 560 29 31
33 570 29 32
34 580 30 32
35 590 30 33
36 590 31 33
37 600 31 34
38 610 32 34
39 620 32 35
40 630 33 36
41 640 33 37
42 650 34 38
43 650 34 39
44 660 35 40
45 670 35 XX
46 680 36 XX
47 690 36 XX
48 700 37 XX
49 710 38 XX
50 720 38 XX
51 730 39 XX
52 740 40 XX
53 750 XX XX
54 770 XX XX
55 780 XX XX
56 790 XX XX
57 800 XX XX
58 800 XX XX