0 200 10 10
1 210 10 10
2 220 10 10
3 240 10 11
4 250 11 11
5 270 12 12
6 290 13 13
7 300 14 14
8 320 15 15
9 340 15 16
10 350 16 16
11 360 17 17
12 380 17 18
13 390 18 18
14 400 18 19
15 420 19 20
16 430 19 21
17 440 20 22
18 450 20 22
19 460 21 23
20 470 21 24
21 480 22 25
22 490 23 25
23 500 23 26
24 510 24 27
25 520 24 27
26 520 25 28
27 530 25 29
28 540 26 29
29 540 27 30
30 550 27 30
31 560 28 31
32 570 28 31
33 580 29 32
34 580 30 33
35 590 30 33
36 600 31 34
37 610 31 34
38 620 32 35
39 630 32 36
40 640 33 37
41 650 34 38
42 660 34 39
43 670 35 39
44 680 36 40
45 680 37 XX
46 690 38 XX
47 700 38 XX
48 710 39 XX
49 730 39 XX
50 740 39 XX
51 750 40 XX
52 770 40 XX
53 780 XX XX
54 790 XX XX
55 790 XX XX
56 800 XX XX
57 800 XX XX
58 800 XX XX