0 200 10 10
1 200 10 10
2 210 10 10
3 220 10 11
4 240 11 12
5 250 11 13
6 260 12 14
7 280 13 15
8 290 14 16
9 300 14 16
10 310 15 17
11 330 16 18
12 340 16 19
13 350 17 19
14 360 17 20
15 370 18 21
16 390 18 21
17 400 19 22
18 410 20 23
19 420 20 23
20 430 21 24
21 450 21 24
22 460 22 25
23 470 23 26
24 480 23 26
25 490 24 27
26 500 24 27
27 510 25 28
28 510 25 28
29 520 26 29
30 530 26 29
31 530 27 30
32 540 28 30
33 550 28 31
34 550 29 31
35 560 29 32
36 570 29 33
37 580 30 33
38 590 30 34
39 590 31 34
40 600 31 35
41 610 32 36
42 620 32 37
43 630 33 39
44 640 33 40
45 650 34 XX
46 660 35 XX
47 670 35 XX
48 680 36 XX
49 690 37 XX
50 700 37 XX
51 710 39 XX
52 720 40 XX
53 740 XX XX
54 750 XX XX
55 770 XX XX
56 780 XX XX
57 790 XX XX
58 800 XX XX