0 200 10 10
1 200 10 10
2 210 10 10
3 230 10 11
4 250 11 12
5 260 12 12
6 280 13 13
7 290 14 14
8 310 15 15
9 320 15 16
10 330 16 16
11 340 17 17
12 350 17 18
13 360 18 19
14 380 18 19
15 390 19 20
16 400 20 21
17 410 20 21
18 420 21 22
19 430 21 22
20 440 22 23
21 450 22 24
22 460 23 24
23 470 23 25
24 490 24 26
25 500 24 26
26 510 25 27
27 510 25 27
28 520 26 28
29 530 26 29
30 530 27 29
31 540 27 30
32 550 28 31
33 560 28 31
34 570 29 32
35 580 29 33
36 590 30 33
37 590 30 34
38 600 31 35
39 610 31 35
40 620 32 36
41 630 32 37
42 640 33 38
43 650 34 39
44 660 35 40
45 670 35 XX
46 670 36 XX
47 680 37 XX
48 690 37 XX
49 700 38 XX
50 710 39 XX
51 720 39 XX
52 730 40 XX
53 740 XX XX
54 760 XX XX
55 770 XX XX
56 780 XX XX
57 790 XX XX
58 800 XX XX