0 200 10 10
1 210 10 10
2 220 10 10
3 230 11 10
4 240 12 11
5 260 13 12
6 270 13 13
7 290 14 13
8 300 15 14
9 320 16 15
10 330 17 16
11 340 17 16
12 350 18 17
13 360 18 18
14 380 19 18
15 390 20 19
16 400 20 20
17 410 21 20
18 430 21 21
19 440 22 22
20 450 23 23
21 460 23 23
22 470 24 24
23 480 24 25
24 490 25 25
25 500 25 26
26 510 26 27
27 510 27 28
28 520 27 28
29 530 28 29
30 530 28 30
31 540 29 30
32 550 29 31
33 560 30 32
34 570 30 32
35 580 31 33
36 590 31 34
37 590 32 34
38 600 32 35
39 610 33 36
40 620 33 37
41 630 34 38
42 640 34 39
43 650 35 40
44 660 35 40
45 670 36 XX
46 680 37 XX
47 690 37 XX
48 700 38 XX
49 710 39 XX
50 730 39 XX
51 740 40 XX
52 750 40 XX
53 770 XX XX
54 780 XX XX
55 790 XX XX
56 790 XX XX
57 800 XX XX
58 800 XX XX