0 200 10 10
1 210 10 10
2 220 10 10
3 230 11 11
4 250 12 12
5 260 13 13
6 280 14 14
7 290 15 15
8 310 15 16
9 320 16 17
10 330 17 17
11 340 18 18
12 360 18 19
13 370 19 20
14 380 20 20
15 390 20 21
16 400 21 21
17 410 21 22
18 420 22 23
19 440 23 23
20 450 23 24
21 460 24 24
22 470 24 25
23 480 25 25
24 490 25 26
25 500 26 27
26 510 26 27
27 520 27 28
28 520 27 28
29 530 28 29
30 540 28 29
31 550 29 30
32 550 29 31
33 560 30 31
34 570 30 32
35 580 31 33
36 590 31 33
37 590 32 34
38 600 32 35
39 610 32 35
40 620 33 36
41 630 33 37
42 640 34 39
43 650 34 39
44 660 35 40
45 670 36 XX
46 680 36 XX
47 690 37 XX
48 700 38 XX
49 710 38 XX
50 720 39 XX
51 740 39 XX
52 750 40 XX
53 760 XX XX
54 780 XX XX
55 790 XX XX
56 790 XX XX
57 800 XX XX
58 800 XX XX