0 200 10 10
1 200 10 10
2 210 10 10
3 230 10 11
4 250 11 11
5 260 12 12
6 280 13 13
7 290 13 14
8 310 14 15
9 320 15 15
10 330 15 16
11 350 16 16
12 360 17 17
13 370 17 17
14 380 18 18
15 390 18 18
16 400 19 19
17 420 19 19
18 430 19 20
19 430 20 20
20 440 20 21
21 450 21 21
22 460 21 22
23 470 22 22
24 480 23 23
25 490 23 23
26 500 24 24
27 510 24 24
28 510 25 25
29 520 25 26
30 530 26 26
31 530 26 27
32 540 27 28
33 550 27 28
34 550 28 29
35 560 28 29
36 570 29 30
37 580 29 31
38 590 30 31
39 590 30 32
40 600 31 33
41 610 31 34
42 620 32 36
43 630 32 38
44 640 33 40
45 650 34 XX
46 660 34 XX
47 670 35 XX
48 680 36 XX
49 680 37 XX
50 690 38 XX
51 700 39 XX
52 720 40 XX
53 730 XX XX
54 740 XX XX
55 760 XX XX
56 770 XX XX
57 790 XX XX
58 800 XX XX