0 200 10 10
1 200 10 10
2 210 10 10
3 230 11 10
4 250 12 11
5 260 13 12
6 270 13 13
7 290 14 14
8 300 15 14
9 320 16 15
10 330 16 16
11 340 17 17
12 360 18 17
13 370 18 18
14 390 18 19
15 400 19 19
16 410 19 20
17 420 20 21
18 430 20 21
19 440 21 22
20 450 21 22
21 460 22 23
22 470 23 24
23 480 23 24
24 490 24 25
25 500 24 25
26 510 25 26
27 510 25 27
28 520 26 27
29 530 26 28
30 540 27 29
31 540 27 29
32 550 28 30
33 560 28 31
34 570 29 31
35 580 29 32
36 590 30 33
37 600 30 33
38 600 31 34
39 610 31 35
40 620 32 36
41 630 32 37
42 640 33 38
43 650 33 39
44 660 34 40
45 660 35 XX
46 670 35 XX
47 680 36 XX
48 690 37 XX
49 700 38 XX
50 710 39 XX
51 710 39 XX
52 720 40 XX
53 730 XX XX
54 750 XX XX
55 760 XX XX
56 770 XX XX
57 790 XX XX
58 800 XX XX