0 200 10 10
1 200 10 10
2 210 10 10
3 230 10 10
4 240 11 11
5 260 12 12
6 270 13 12
7 290 14 13
8 300 14 14
9 310 15 15
10 330 16 15
11 340 16 16
12 350 17 17
13 370 18 18
14 380 18 18
15 390 19 19
16 410 19 19
17 420 19 20
18 430 20 21
19 440 20 22
20 450 21 22
21 470 21 23
22 480 22 24
23 490 22 25
24 500 23 25
25 510 24 26
26 510 24 26
27 520 25 27
28 530 25 28
29 530 26 29
30 540 26 29
31 550 27 30
32 550 27 31
33 560 28 31
34 570 29 32
35 580 29 32
36 590 30 33
37 590 30 34
38 600 31 34
39 610 31 35
40 620 32 36
41 630 33 36
42 640 33 37
43 640 34 39
44 650 34 40
45 660 35 XX
46 670 36 XX
47 680 36 XX
48 690 37 XX
49 700 38 XX
50 710 39 XX
51 720 39 XX
52 730 40 XX
53 740 XX XX
54 750 XX XX
55 770 XX XX
56 780 XX XX
57 790 XX XX
58 800 XX XX