0 200 10 10
1 210 10 10
2 220 10 10
3 230 10 11
4 250 11 11
5 270 12 12
6 280 13 13
7 300 14 14
8 310 15 15
9 330 15 16
10 340 16 16
11 350 17 17
12 360 17 18
13 370 18 18
14 380 19 19
15 400 19 20
16 410 20 20
17 420 20 21
18 430 21 22
19 440 22 23
20 450 22 23
21 460 23 24
22 470 24 25
23 480 24 25
24 490 25 26
25 500 25 27
26 510 26 27
27 510 27 28
28 520 27 28
29 530 28 29
30 530 28 30
31 540 29 30
32 550 29 31
33 560 30 31
34 560 30 32
35 570 31 33
36 580 31 34
37 590 32 34
38 600 32 35
39 610 33 36
40 620 33 36
41 630 34 38
42 640 34 39
43 650 35 39
44 660 35 40
45 670 36 XX
46 680 36 XX
47 690 37 XX
48 700 37 XX
49 710 38 XX
50 720 39 XX
51 740 39 XX
52 750 40 XX
53 770 XX XX
54 780 XX XX
55 790 XX XX
56 790 XX XX
57 800 XX XX
58 800 XX XX