0 200 10 10
1 200 10 10
2 220 10 10
3 230 10 11
4 240 11 12
5 260 12 12
6 270 13 13
7 290 14 14
8 300 15 15
9 310 15 16
10 320 16 16
11 340 17 17
12 350 17 18
13 360 18 18
14 370 18 19
15 380 19 19
16 400 19 20
17 410 20 21
18 420 20 21
19 430 21 22
20 440 21 22
21 450 22 23
22 460 22 23
23 470 23 24
24 480 23 24
25 490 24 25
26 500 24 26
27 510 25 26
28 520 25 27
29 520 26 28
30 530 26 28
31 540 27 29
32 540 27 29
33 550 28 30
34 560 28 31
35 570 29 32
36 570 29 32
37 580 29 33
38 590 30 34
39 600 30 35
40 600 31 35
41 610 31 37
42 620 32 38
43 630 33 39
44 640 33 40
45 650 34 XX
46 660 35 XX
47 670 35 XX
48 670 36 XX
49 680 37 XX
50 690 38 XX
51 700 39 XX
52 720 40 XX
53 730 XX XX
54 740 XX XX
55 760 XX XX
56 770 XX XX
57 790 XX XX
58 800 XX XX